7330
6309
3659
7817
11489
4315
6719
5153
7266
1995
3126
1758
2220
6031
7397
2534
5378
5930
3980
1460
2963
1811
7681
7986
4413
5100
1872
3173
1767
4834
2875
3766
2307
1249
1313
1936
1766
6361
5774
2585
2987
2366
4704
792
3119
1398
2077
1178
1648
2413
5284
1084
10019
2135
4076
1472
2421
1169
3299
868
4267
3823
3497
906
2065
2004
2065
434
2561
1902
2312
1277
2263
1431
2884
2872
3599
756
3384
8489
1182
2152
1122
236
642
2401
309
637
1010
1187
597
768
639
1941
659
1745
1470
971
1081
5157
1215
1536
742
861
2383
5828
600
2563
706
3936
969
4251
2344
356
1082
364
1078
320
1368
2730
698
1874
813
2251
636
834
1395
652
238
1086
2471
478
667
481
572
2189
2683
1459
901
714
2379
3557
3872
695
449
774
3781
3664
1374
818
833
706
1849
553
338
214
699
736
1068
426
977
666
1356
1329
1854
1589
929
1857
1514