3306
4980
3453
2722
1997
1467
3242
1581
2242
1824
3412
2592
3760
1128
1232
693
2681
1012
1720
1744
2064
1796
973
1110
1225
853
2190
1666
1500
1970
1279
3503
8246
1115
1228
1932
2061
513
1022
539
842
1014
1425
1222
1111
667
1888
1585
1111
1637
399
608
1428
1013
1042
2488
681
958
555
1428
2332
1362
192
4681
606
660
1084
866
1099
774
973
5740
599
1241
847
451
1049
3146
1506
964
2212
1602
306
1266
1334
765
3176
781
1512
1258
612
461
230
379
454
541
211
964
2480
1003
816
617
1574
1279
315
572
959
980
152
1640
319
1147
396
611
1039
876
1576
1969
5112
1034
969
981
727
424
264
777
142
884
174
792
1018
3546
663
82
1685
483
244
1681
128
254
551
3048
452
452
1836
422