6792
2033
4657
4010
3996
3593
11619
2952
3693
2589
8874
3572
1823
2821
8543
1858
3389
1824
1593
2748
951
6704
3535
1905
3761
3952
6034
10083
4166
6610
3308
2364
2058
1256
1013
1681
15132
4317
2155
2490
2471
8203
5601
2632
3540
1029
2179
2417
1606
4018
1460
3418
2863
3646
1119
3514
3011
3643
1035
3441
1128
1603
3925
1026
1374
2367
3182
4159
6040
625
1335
795
6226
881
1855
1327
2491
6833
814
791
1223
5628
3002
2015
2003
2457
804
1151
1180
1354
2998
1943
2770
2853
4501
2141
1346
1126
1908
2036
1689
1631
2788
667
1229
1979
1300
4733
2286
1414
1825
387
597
1128
3119
1206
366
2038
609
3860
5380
2827
1521
1286
1822
1105
1011
2435
1378
129
329
1167
1743
939
586
1173
949
1370
1232
4657
910
2478
762
619
751
1516
617
2328
1478
2283
918
958
1848
1427
776
1210
393
3293
1854
713
583
951
3105
773
2083
1132
345
1558
613
1061
980
829
905
921
1097
989
1166
1148
2634
677
963
1115
1962
734
661
353
734
1019
1357
1537
747
1592
1704
421
741
1627
865
837
1687
885
887
630