2417
9080
1333
2658
3033
5450
3806
4853
2002
2775
3504
1184
2272
5498
2589
8007
2766
8960
1548
3395
1027
3825
1566
1837
2176
2900
1290
1361
2000
4008
6491
673
2831
3075
4109
2009
2766
2065
1383
3924
2654
722
2982
1722
812
5371
2238
3719
1963
3868
1982
1228
3479
3432
1472
1194
1316
960
662
1024
1351
874
1260
1202
2168
3205
1186
3762
1333
1700
1785
1459
992
2023
4649
3602
1796
3400
923
577
886
1349
1246
1285
1834
2016
1331
203
788
1096
491
1801
313
1516
855
1496
2265
2042
3574
1346
1715
1246
905
1144
801
381
519
1545
1307
1262
480
484
252
2632
511
1405
1148
274
462
77
1267
394
4224
802
843
1070
207
556
846
1135
1049
597
746
922
144
1971
854
1684
1410
504
783
1190
254
1963
1418
241
646
1959
1664
669
756
464
729
785
871
835
1705
1081
662
1044
1095
514
972
261
951
2792
523
1315