2417
9080
1333
2658
3033
5450
3806
4853
2002
2775
3504
1184
2272
5498
2589
8007
2766
8960
1548
3395
1027
3825
1566
1837
2176
2900
1290
1361
2000
4008
6491
673
2831
3075
4109
2009
2766
2065
1383
3924
2654
722
2982
1722
812
5371
2238
3719
1963
3868
1982
1228
3479
3432
1472
1194
1316
960
662
1024
1351
874
1260
1202
2168
3205
1186
3762
1333
1700
1785
1459
992
2023
4649
3602
1796
3400
923
577
886
1349
1246
1285
1834
2016
1331
203
788
1096
491
1801
313
1516
855
1496
2265
2042
3574
1346
1715
1246
905
1144
801
381
519
1545
1307
1262
480
484
252
2632
511
1405
1148
274
462
77
1267
394
4224
802
843
1070
207
556
846
1135
1049
597
746
922
144
1971
854
1684
1410
504
783
1190
254
1963
1418
241
646
1959
1664
669
756
464
729
785
871
835
1705
1081
662
1044
1095
514
972
261
951
2792
523
1315
7330
6309
3659
7817
11489
4315
6719
5153
7266
1995
3126
1758
2220
6031
7397
2534
5378
5930
3980
1460
2963
1811
7681
7986
4413
5100
1872
3173
1767
4834
2875
3766
2307
1249
1313
1936
1766
6361
5774
2585
2987
2366
4704
792
3119
1398
2077
1178
1648
2413
5284
1084
10019
2135
4076
1472
2421
1169
3299
868
4267
3823
3497
906
2065
2004
2065
434
2561
1902
2312
1277
2263
1431
2884
2872
3599
756
3384
8489
1182
2152
1122
236
642
2401
309
637
1010
1187
597
768
639
1941
659
1745
1470
971
1081
5157
1215
1536
742
861
2383
5828
600
2563
706
3936
969
4251
2344
356
1082
364
1078
320
1368
2730
698
1874
813
2251
636
834
1395
652
238
1086
2471
478
667
481
572
2189
2683
1459
901
714
2379
3557
3872
695
449
774
3781
3664
1374
818
833
706
1849
553
338
214
699
736
1068
426
977
666
1356
1329
1854
1589
929
1857
1514
5084
7500
4024
11681
15044
4064
5865
2641
3002
3721
7011
3500
4149
2790
8168
8963
1375
7917
3662
10302
2870
3865
4576
2243
2316
10110
1089
8045
2645
2634
1315
3297
1867
1209
7821
9143
1962
1535
2949
3337
3375
1188
1099
9794
1275
1497
1875
8023
2229
1326
1876
4295
1446
2959
2259
1556
3949
5720
1436
1525
2399
4714
1942
1702
1259
4832
2859
1851
1377
1691
1475
5681
2738
1124
4869
6991
2372
1785
1926
2696
3689
4378
2490
3574
10461
1663
341
3615
847
2787
5487
1795
3473
6283
3546
1120
2044
1949
1282
3808
2502
1569
5586
2390
847
4196
872
4201
1714
3559
1162
2504
709
2546
1156
1826
581
1316
4903
190
2944
3017
1297
825
2320
2287
1473
1022
529
1225
3061
3197
1968
1807
1580
918
844
3206
1905
384
1423
1679
1499
1151
7939
2391
814
3180
5043
1090
1323
771
1293
1761
1105
1571
784
858
1344
820
4646
2412
1007
1434
1858
278
2278
2246
762
3465
904
1456
1392
666
557
2761
1013
996
1948
601
1202
2450
2534
611
958
1062
638
1118
509
3865
1045
560
559
777
1071
815
535
864
466
975
3061
2955
4838
3315
8092
6062
2312
5405
6944
1897
3208
2267
1934
1380
2095
5588
2260
2145
2760
2114
3005
1694
4222
7960
3065
3726
2408
2477
1692
2599
2509
1287
6166
2115
2995
1383
2176
6118
813
3201
5389
1055
1963
1173
1706
2848
1650
1532
2919
4790
2896
3860
1527
1264
1147
3184
1196
1770
1193
424
2192
1886
1337
1556
2993
850
976
679
789
807
3671
795
446
3583
1419
1189
3724
1978
1200
4089
2624
1003
6956
521
1549
1146
1699
1124
1337
2461
855
3105
8095
625
1279
1659
583
1740
549
2488
464
2721
958
612
676
973
1446
639
837
1082
871
1012
824
966
964
661
3640
658
6971
2457
1619
528
5006
3115
381
1677
973
2120
1714
2281
868
1468
2980
2103
2221
2721
499
1362
848
541
627
1536
168
4506
645
1275
311
1006
1469
1000
1109
992
774
2078
1947
665
1121
6875
1016
298
3567
1018
336
373
863
335
444
651
737
400
2379
685
376
1297
836
1158
338
461
1579
1487
2284
802
653
2321
6792
2033
4657
4010
3996
3593
11619
2952
3693
2589
8874
3572
1823
2821
8543
1858
3389
1824
1593
2748
951
6704
3535
1905
3761
3952
6034
10083
4166
6610
3308
2364
2058
1256
1013
1681
15132
4317
2155
2490
2471
8203
5601
2632
3540
1029
2179
2417
1606
4018
1460
3418
2863
3646
1119
3514
3011
3643
1035
3441
1128
1603
3925
1026
1374
2367
3182
4159
6040
625
1335
795
6226
881
1855
1327
2491
6833
814
791
1223
5628
3002
2015
2003
2457
804
1151
1180
1354
2998
1943
2770
2853
4501
2141
1346
1126
1908
2036
1689
1631
2788
667
1229
1979
1300
4733
2286
1414
1825
387
597
1128
3119
1206
366
2038
609
3860
5380
2827
1521
1286
1822
1105
1011
2435
1378
129
329
1167
1743
939
586
1173
949
1370
1232
4657
910
2478
762
619
751
1516
617
2328
1478
2283
918
958
1848
1427
776
1210
393
3293
1854
713
583
951
3105
773
2083
1132
345
1558
613
1061
980
829
905
921
1097
989
1166
1148
2634
677
963
1115
1962
734
661
353
734
1019
1357
1537
747
1592
1704
421
741
1627
865
837
1687
885
887
630
3152
3461
4731
3011
3918
6535
6705
2103
5195
1045
2197
3915
2294
1316
749
872
3121
2429
3503
1794
2844
2346
701
2874
3096
1059
2455
1100
1644
3460
1457
698
1004
2822
1504
4015
3375
580
1228
376
1372
3017
3649
1218
650
1904
1876
1437
1456
657
1297
607
830
879
852
935
1335
3371
1181
951
2117
791
877
1138
978
582
326
597
2419
403
139
592
268
337
602
1376
962
13930
657
1729
766
422
497
1742
784
338
441
3111
982
1204
122
651
987
459
620
799
164
2220
507
518
1268
822
651
162
843
422
374
1086
623
543
205
336
471
3122
12106
14147
10750
8195
7299
12183
7243
10095
12148
4872
4024
8042
5225
7076
5450
6212
3206
3750
6346
2740
3509
5324
3193
5502
3742
5351
4374
8591
2439
4046
3085
7371
2456
7161
3520
1294
1284
1980
1823
1152
3081
9152
4414
2532
1670
1860
3911
1173
981
1044
1055
2015
2761
1201
3251
2057
1655
2288
2878
551
1142
1567
612
1170
1700
2156
3243
1578
586
2589
2284
999
1170
3466
2353
3724
2752
447
3040
2596
2915
7112
5240
321
5676
3306
4980
3453
2722
1997
1467
3242
1581
2242
1824
3412
2592
3760
1128
1232
693
2681
1012
1720
1744
2064
1796
973
1110
1225
853
2190
1666
1500
1970
1279
3503
8246
1115
1228
1932
2061
513
1022
539
842
1014
1425
1222
1111
667
1888
1585
1111
1637
399
608
1428
1013
1042
2488
681
958
555
1428
2332
1362
192
4681
606
660
1084
866
1099
774
973
5740
599
1241
847
451
1049
3146
1506
964
2212
1602
306
1266
1334
765
3176
781
1512
1258
612
461
230
379
454
541
211
964
2480
1003
816
617
1574
1279
315
572
959
980
152
1640
319
1147
396
611
1039
876
1576
1969
5112
1034
969
981
727
424
264
777
142
884
174
792
1018
3546
663
82
1685
483
244
1681
128
254
551
3048
452
452
1836
422
3275
4948
1720
2485
2020
2620
3507
4206
2494
6396
1590
2536
2980
2471
2111
624
1794
1394
1310
1603
3352
1134
3160
2204
1088
2773
3714
1215
1301
3314
2317
499
4868
3358
3388
920
706
1095
1270
1725
1751
543
842
751
1364
1023
2683
1708
871
644
513
1318
733
1077
625
1614
1425
2245
1392
1692
372
340
2389
1270
1277
704
2200
1700
3013
167
192
399
772
830
1422
1961
3286
3528
2275
180
615
162
158
1182
563
358
2908
2092
1232
459
1591
661
1272
882
743
1373
155
663
372
840
654
545
298
153
194
374
1996
1987
1939
1707
663
440
120
329
167
600
455
147
1896
2066
285
315
556
1034
448
494
433
409
332
253
267
226
1086
381
102
421
908
744
727
320
134