5084
7500
4024
11681
15044
4064
5865
2641
3002
3721
7011
3500
4149
2790
8168
8963
1375
7917
3662
10302
2870
3865
4576
2243
2316
10110
1089
8045
2645
2634
1315
3297
1867
1209
7821
9143
1962
1535
2949
3337
3375
1188
1099
9794
1275
1497
1875
8023
2229
1326
1876
4295
1446
2959
2259
1556
3949
5720
1436
1525
2399
4714
1942
1702
1259
4832
2859
1851
1377
1691
1475
5681
2738
1124
4869
6991
2372
1785
1926
2696
3689
4378
2490
3574
10461
1663
341
3615
847
2787
5487
1795
3473
6283
3546
1120
2044
1949
1282
3808
2502
1569
5586
2390
847
4196
872
4201
1714
3559
1162
2504
709
2546
1156
1826
581
1316
4903
190
2944
3017
1297
825
2320
2287
1473
1022
529
1225
3061
3197
1968
1807
1580
918
844
3206
1905
384
1423
1679
1499
1151
7939
2391
814
3180
5043
1090
1323
771
1293
1761
1105
1571
784
858
1344
820
4646
2412
1007
1434
1858
278
2278
2246
762
3465
904
1456
1392
666
557
2761
1013
996
1948
601
1202
2450
2534
611
958
1062
638
1118
509
3865
1045
560
559
777
1071
815
535
864
466
975