3275
4948
1720
2485
2020
2620
3507
4206
2494
6396
1590
2536
2980
2471
2111
624
1794
1394
1310
1603
3352
1134
3160
2204
1088
2773
3714
1215
1301
3314
2317
499
4868
3358
3388
920
706
1095
1270
1725
1751
543
842
751
1364
1023
2683
1708
871
644
513
1318
733
1077
625
1614
1425
2245
1392
1692
372
340
2389
1270
1277
704
2200
1700
3013
167
192
399
772
830
1422
1961
3286
3528
2275
180
615
162
158
1182
563
358
2908
2092
1232
459
1591
661
1272
882
743
1373
155
663
372
840
654
545
298
153
194
374
1996
1987
1939
1707
663
440
120
329
167
600
455
147
1896
2066
285
315
556
1034
448
494
433
409
332
253
267
226
1086
381
102
421
908
744
727
320
134