3152
3461
4731
3011
3918
6535
6705
2103
5195
1045
2197
3915
2294
1316
749
872
3121
2429
3503
1794
2844
2346
701
2874
3096
1059
2455
1100
1644
3460
1457
698
1004
2822
1504
4015
3375
580
1228
376
1372
3017
3649
1218
650
1904
1876
1437
1456
657
1297
607
830
879
852
935
1335
3371
1181
951
2117
791
877
1138
978
582
326
597
2419
403
139
592
268
337
602
1376
962
13930
657
1729
766
422
497
1742
784
338
441
3111
982
1204
122
651
987
459
620
799
164
2220
507
518
1268
822
651
162
843
422
374
1086
623
543
205
336
471
3122