3061
2955
4838
3315
8092
6062
2312
5405
6944
1897
3208
2267
1934
1380
2095
5588
2260
2145
2760
2114
3005
1694
4222
7960
3065
3726
2408
2477
1692
2599
2509
1287
6166
2115
2995
1383
2176
6118
813
3201
5389
1055
1963
1173
1706
2848
1650
1532
2919
4790
2896
3860
1527
1264
1147
3184
1196
1770
1193
424
2192
1886
1337
1556
2993
850
976
679
789
807
3671
795
446
3583
1419
1189
3724
1978
1200
4089
2624
1003
6956
521
1549
1146
1699
1124
1337
2461
855
3105
8095
625
1279
1659
583
1740
549
2488
464
2721
958
612
676
973
1446
639
837
1082
871
1012
824
966
964
661
3640
658
6971
2457
1619
528
5006
3115
381
1677
973
2120
1714
2281
868
1468
2980
2103
2221
2721
499
1362
848
541
627
1536
168
4506
645
1275
311
1006
1469
1000
1109
992
774
2078
1947
665
1121
6875
1016
298
3567
1018
336
373
863
335
444
651
737
400
2379
685
376
1297
836
1158
338
461
1579
1487
2284
802
653
2321