12106
14147
10750
8195
7299
12183
7243
10095
12148
4872
4024
8042
5225
7076
5450
6212
3206
3750
6346
2740
3509
5324
3193
5502
3742
5351
4374
8591
2439
4046
3085
7371
2456
7161
3520
1294
1284
1980
1823
1152
3081
9152
4414
2532
1670
1860
3911
1173
981
1044
1055
2015
2761
1201
3251
2057
1655
2288
2878
551
1142
1567
612
1170
1700
2156
3243
1578
586
2589
2284
999
1170
3466
2353
3724
2752
447
3040
2596
2915
7112
5240
321
5676